[gd_scene format=3 uid="uid://c8wyg1xifguw2"]

[ext_resource type="PackedScene" uid="uid://enc6lol53hci" path="res://assets/Enemy Large.glb" id="1_7p1mj"]
[ext_resource type="Script" uid="uid://cem3v40t0w1ac" path="res://scripts/enemy.gd" id="1_md0e3"]

[sub_resource type="CapsuleShape3D" id="CapsuleShape3D_7p1mj"]
radius = 1.34375
height = 3.6432495

[node name="Enemy" type="CharacterBody3D" unique_id=771033681 groups=["enemy"]]
script = ExtResource("1_md0e3")

[node name="Visuals" type="Node3D" parent="." unique_id=1478777041]

[node name="Root Scene" parent="Visuals" unique_id=1348911937 instance=ExtResource("1_7p1mj")]

[node name="Skeleton3D" parent="Visuals/Root Scene/RootNode/CharacterArmature" parent_id_path=PackedInt32Array(1348911937, 1023708608) index="0" unique_id=1394231768]
bones/2/position = Vector3(2.1529802e-05, 0.008374705, 0.0016757363)
bones/4/rotation = Quaternion(0.1668315, 4.3189974e-07, 1.0312022e-07, 0.98598546)
bones/5/rotation = Quaternion(0.09618959, -8.284732e-07, 2.151242e-08, 0.99536306)
bones/7/rotation = Quaternion(-0.3907186, -0.00025390703, 0.00010720164, 0.92051023)
bones/8/position = Vector3(0.0017719386, 0.0027544512, 0.000540529)
bones/8/rotation = Quaternion(-0.1344962, -0.032737695, -0.40912697, 0.9019169)
bones/10/rotation = Quaternion(0.022453982, 0.26599237, -0.20974968, 0.940611)
bones/18/rotation = Quaternion(0.042253926, 0.025641708, 0.23230468, 0.9713865)
bones/19/rotation = Quaternion(-0.076612115, -0.0015270616, -0.019867497, 0.99686193)
bones/22/position = Vector3(-0.0017591704, 0.0027544512, 0.0005405312)
bones/22/rotation = Quaternion(-0.13449599, 0.03273828, 0.40912706, 0.901917)
bones/24/rotation = Quaternion(0.022454137, -0.26599255, 0.20974974, 0.94061095)
bones/26/rotation = Quaternion(-0.028374823, 0.0048223604, 0.16748196, 0.985455)
bones/32/rotation = Quaternion(0.042253964, -0.02564168, -0.23230468, 0.9713865)
bones/33/rotation = Quaternion(-0.076612204, 0.0015270757, 0.019867538, 0.9968619)
bones/36/rotation = Quaternion(0.9650399, 0.0087274825, 0.0021168713, 0.2619494)
bones/37/rotation = Quaternion(0.5170187, 0.0063197995, 0.0085059805, 0.85590863)
bones/38/rotation = Quaternion(0.9650399, -0.008727581, -0.0021160017, 0.26194927)
bones/39/rotation = Quaternion(0.5170187, -0.00631982, -0.008506015, 0.85590863)

[node name="Head" parent="Visuals/Root Scene/RootNode/CharacterArmature/Skeleton3D" index="1" unique_id=265659751]
transform = Transform3D(0.99999976, -4.5019988e-11, -0.000550203, -0.0005181992, -0.3360831, -0.941832, -0.00018491408, 0.94183195, -0.3360833, -6.3837706e-06, -0.0018768563, 0.018675713)

[node name="Pinky3_L" parent="Visuals/Root Scene/RootNode/CharacterArmature/Skeleton3D" index="2" unique_id=1009782909]
transform = Transform3D(-0.37107074, 0.53634214, 0.75805235, -0.8434091, 0.1469096, -0.51679575, -0.38854486, -0.8311162, 0.397842, 0.015113892, 0.0013518711, 0.0041591204)

[node name="Middle3_L" parent="Visuals/Root Scene/RootNode/CharacterArmature/Skeleton3D" index="3" unique_id=1707425466]
transform = Transform3D(-0.54215825, 0.5118314, 0.666403, -0.82127625, -0.15507683, -0.5490501, -0.17767765, -0.844973, 0.5044312, 0.0145649435, -0.00019237472, 0.003333318)

[node name="Index3_L" parent="Visuals/Root Scene/RootNode/CharacterArmature/Skeleton3D" index="4" unique_id=901579726]
transform = Transform3D(-0.6467088, 0.43423134, 0.6270652, -0.7627126, -0.3616117, -0.53619593, -0.006079343, -0.8250333, 0.5650511, 0.013386486, -0.0016798433, 0.003550713)

[node name="Thumb2_L" parent="Visuals/Root Scene/RootNode/CharacterArmature/Skeleton3D" index="5" unique_id=1146462701]
transform = Transform3D(-0.75042546, -0.20892829, 0.62706524, -0.22126336, -0.81457716, -0.53619605, 0.62281954, -0.54112184, 0.56505114, 0.011022524, -0.0016818428, 0.005691724)

[node name="Pinky3_R" parent="Visuals/Root Scene/RootNode/CharacterArmature/Skeleton3D" index="6" unique_id=1512392267]
transform = Transform3D(-0.3710707, -0.5363417, -0.7580527, 0.84340954, 0.14690962, -0.51679564, 0.38854426, -0.8311167, 0.39784145, -0.015113881, 0.0013518664, 0.0041591157)

[node name="Middle3_R" parent="Visuals/Root Scene/RootNode/CharacterArmature/Skeleton3D" index="7" unique_id=764503989]
transform = Transform3D(-0.54215807, -0.51183105, -0.6664031, 0.8212765, -0.15507701, -0.5490499, 0.17767715, -0.8449731, 0.50443083, -0.014564931, -0.00019237961, 0.0033333134)

[node name="Index3_R" parent="Visuals/Root Scene/RootNode/CharacterArmature/Skeleton3D" index="8" unique_id=2135247299]
transform = Transform3D(-0.6467085, -0.4342311, -0.62706554, 0.7627128, -0.3616117, -0.53619593, 0.0060789636, -0.8250335, 0.56505066, -0.013386473, -0.001679846, 0.0035507088)

[node name="Thumb2_R" parent="Visuals/Root Scene/RootNode/CharacterArmature/Skeleton3D" index="9" unique_id=599655882]
transform = Transform3D(-0.750425, 0.2089282, -0.62706536, 0.2212635, -0.8145775, -0.536196, -0.6228197, -0.5411218, 0.5650509, -0.011022513, -0.0016818454, 0.005691723)

[node name="LowerLeg_L" parent="Visuals/Root Scene/RootNode/CharacterArmature/Skeleton3D" index="10" unique_id=1201731203]
transform = Transform3D(0.99991256, 0.006959475, 0.009713078, -0.011924239, 0.5283956, 0.84886456, 0.00077475153, -0.8489433, 0.52848667, 0.0034701668, 5.7621393e-05, 0.0047162017)

[node name="LowerLeg_R" parent="Visuals/Root Scene/RootNode/CharacterArmature/Skeleton3D" index="11" unique_id=1069096778]
transform = Transform3D(0.9999127, -0.0069590546, -0.009713031, 0.011923978, 0.5283957, 0.84886456, -0.0007744138, -0.8489431, 0.52848685, -0.0034701678, 5.762116e-05, 0.0047162)

[node name="AnimationPlayer" parent="Visuals/Root Scene" index="1" unique_id=869163101]
autoplay = &"CharacterArmature|Idle"

[node name="CollisionShape3D" type="CollisionShape3D" parent="." unique_id=21828372]
transform = Transform3D(1, 0, 0, 0, 1, 0, 0, 0, 1, 0, 1.7663879, 0)
shape = SubResource("CapsuleShape3D_7p1mj")

[editable path="Visuals/Root Scene"]
