[gd_scene format=3 uid="uid://dnc0ynvbscvtl"]

[ext_resource type="Script" uid="uid://b0n3lo31ucjov" path="res://scripts/player1.gd" id="1_3vyb7"]
[ext_resource type="PackedScene" uid="uid://1fr84gmnamy6" path="res://assets/Astronaut.glb" id="2_qir2g"]
[ext_resource type="Texture2D" uid="uid://qn7qcgr8ehsa" path="res://assets/transparent-sci-fi-modern-user-interface-futuristic-hud-png.png" id="3_lkt5g"]

[sub_resource type="CapsuleShape3D" id="CapsuleShape3D_3vyb7"]
radius = 0.95751953
height = 2.5030518

[node name="Player1" type="CharacterBody3D" unique_id=1519538894 groups=["player"]]
script = ExtResource("1_3vyb7")

[node name="CameraMount" type="SpringArm3D" parent="." unique_id=899140327]
transform = Transform3D(1, 0, 0, 0, 1, 0, 0, 0, 1, 0, 1.74704, -0.8733258)
spring_length = 0.0

[node name="Camera3D" type="Camera3D" parent="CameraMount" unique_id=1712626204]
current = true

[node name="Visuals" type="Node3D" parent="." unique_id=2121969057]
transform = Transform3D(0.8, 0, 0, 0, 0.8, 0, 0, 0, 0.8, 0, 0, 0)

[node name="Root Scene" parent="Visuals" unique_id=1441213295 instance=ExtResource("2_qir2g")]
transform = Transform3D(-0.9977055, 0, -0.06770187, 0, 1, 0, 0.06770187, 0, -0.9977055, 0, 0, 0)

[node name="Skeleton3D" parent="Visuals/Root Scene/RootNode/CharacterArmature" parent_id_path=PackedInt32Array(1441213295, 1265284950) index="0" unique_id=1019117962]
bones/2/position = Vector3(2.4256458e-05, 0.008382949, 0.0016937953)
bones/2/rotation = Quaternion(0.00032857392, 0.0030238803, -3.472516e-05, 0.99999535)
bones/4/rotation = Quaternion(0.16566952, 4.299608e-07, 9.3909115e-08, 0.9861814)
bones/5/rotation = Quaternion(-0.005651094, -8.321355e-07, 5.7974364e-10, 0.9999841)
bones/7/rotation = Quaternion(0.01615594, -0.00027576546, -4.7219237e-06, 0.99986947)
bones/8/position = Vector3(0.0017719389, 0.0025824644, 0.0009999032)
bones/8/rotation = Quaternion(-0.042461146, 0.009496613, -0.41038302, 0.9108747)
bones/9/rotation = Quaternion(0.5219387, 0.50338775, 0.47695258, -0.49668613)
bones/10/rotation = Quaternion(0.022994108, 0.2637764, -0.21077557, 0.94099253)
bones/18/rotation = Quaternion(0.04225395, 0.025641711, 0.23230468, 0.9713865)
bones/19/rotation = Quaternion(-0.076612115, -0.0015270268, -0.019867515, 0.99686193)
bones/22/position = Vector3(-0.0017591701, 0.0025824644, 0.0009999052)
bones/22/rotation = Quaternion(-0.04246089, -0.009496056, 0.41038305, 0.91087466)
bones/23/rotation = Quaternion(0.5127989, -0.5071285, -0.48624778, -0.4933772)
bones/24/rotation = Quaternion(0.022665614, -0.26357654, 0.20660834, 0.94198024)
bones/26/rotation = Quaternion(-0.35208496, 0.03995185, 0.261516, 0.8978026)
bones/27/rotation = Quaternion(-0.6248764, -0.062105622, -0.06102759, 0.7758531)
bones/29/rotation = Quaternion(-0.51045364, -0.020178568, 0.0861193, 0.85534406)
bones/30/rotation = Quaternion(-0.52709943, -0.034914587, 0.071548775, 0.8460662)
bones/32/rotation = Quaternion(-0.37396538, -0.014268747, -0.14329869, 0.9161942)
bones/33/rotation = Quaternion(-0.63640666, -0.026933443, 0.1609362, 0.75389713)
bones/35/rotation = Quaternion(-0.68594307, -0.1690326, -0.2709852, 0.65381736)
bones/36/rotation = Quaternion(0.96529335, 0.008427128, 0.005016152, 0.26098394)
bones/37/rotation = Quaternion(0.5154531, 0.006304238, 0.00851752, 0.8568523)
bones/38/rotation = Quaternion(0.96215296, -0.00906541, 0.00076073006, 0.2723579)
bones/39/rotation = Quaternion(0.5175411, -0.006325012, -0.008502155, 0.8555927)
bones/41/position = Vector3(-0.0034929647, 0.00043750042, -0.00025011512)

[node name="Head" parent="Visuals/Root Scene/RootNode/CharacterArmature/Skeleton3D" index="1" unique_id=1837814981]
transform = Transform3D(0.99998474, 0.0015592182, 0.005293457, 0.00551455, -0.24691476, -0.9690215, -0.00020388329, 0.9690356, -0.24691968, -2.8184468e-06, 0.00064820773, 0.019680286)

[node name="Pinky3_L" parent="Visuals/Root Scene/RootNode/CharacterArmature/Skeleton3D" index="2" unique_id=1936098700]
transform = Transform3D(-0.3554739, 0.53870934, 0.7638263, -0.85036266, 0.15281044, -0.50352, -0.38797167, -0.8285175, 0.40377796, 0.015173909, 0.0016165195, 0.004254449)

[node name="Middle3_L" parent="Visuals/Root Scene/RootNode/CharacterArmature/Skeleton3D" index="3" unique_id=1876505239]
transform = Transform3D(-0.5280951, 0.51905024, 0.67208827, -0.8302882, -0.14956734, -0.5368907, -0.1781509, -0.841556, 0.50994676, 0.014654158, 6.125106e-05, 0.0034304424)

[node name="Index3_L" parent="Visuals/Root Scene/RootNode/CharacterArmature/Skeleton3D" index="4" unique_id=1224952745]
transform = Transform3D(-0.6345391, 0.44460803, 0.63220555, -0.7728561, -0.35724062, -0.52447367, -0.0073357206, -0.82140267, 0.5703012, 0.013498105, -0.0014439826, 0.0036458517)

[node name="Thumb2_L" parent="Visuals/Root Scene/RootNode/CharacterArmature/Skeleton3D" index="5" unique_id=642884808]
transform = Transform3D(-0.75039476, -0.19293524, 0.6322056, -0.23118019, -0.819441, -0.5244737, 0.6192444, -0.53971577, 0.57030123, 0.011122242, -0.0014767598, 0.0057733934)

[node name="Pinky3_R" parent="Visuals/Root Scene/RootNode/CharacterArmature/Skeleton3D" index="6" unique_id=455421927]
transform = Transform3D(-0.49251893, 0.8288052, -0.26553094, 0.8590225, 0.5119177, 0.004500568, 0.13966003, -0.22588043, -0.9640917, -0.0144779915, 0.0011842574, 0.003922095)

[node name="Middle1_R" parent="Visuals/Root Scene/RootNode/CharacterArmature/Skeleton3D" index="7" unique_id=1991817596]
transform = Transform3D(-0.56911844, -0.6102544, -0.5510836, 0.8080767, -0.2911748, -0.5120832, 0.15203935, -0.73675394, 0.65884525, -0.012430707, 0.00046801788, 0.006366982)

[node name="Middle3_R" parent="Visuals/Root Scene/RootNode/CharacterArmature/Skeleton3D" index="8" unique_id=887758351]
transform = Transform3D(-0.5704358, 0.82131743, 0.006317526, 0.8072107, 0.56202555, -0.18038279, -0.15170212, -0.097797096, -0.9835757, -0.013711191, -4.6123372e-05, 0.003317581)

[node name="Index3_R" parent="Visuals/Root Scene/RootNode/CharacterArmature/Skeleton3D" index="9" unique_id=812695355]
transform = Transform3D(-0.6201257, 0.7664677, 0.16724432, 0.71299565, 0.6395698, -0.28737974, -0.32723182, -0.058967054, -0.9431021, -0.012798977, -0.0015202179, 0.0033732608)

[node name="Thumb2_R" parent="Visuals/Root Scene/RootNode/CharacterArmature/Skeleton3D" index="10" unique_id=396780527]
transform = Transform3D(-0.90913606, 0.11142686, 0.4013165, -0.3275637, 0.40382665, -0.85418123, -0.25724116, -0.90802395, -0.33063415, -0.011035821, -0.001883003, 0.005763586)

[node name="LowerLeg_L" parent="Visuals/Root Scene/RootNode/CharacterArmature/Skeleton3D" index="11" unique_id=1124862080]
transform = Transform3D(0.99991536, 0.00749208, 0.009019857, -0.011615574, 0.52760226, 0.8493634, 0.0016042545, -0.84944606, 0.527682, 0.0034674713, 6.997166e-05, 0.0047195153)

[node name="LowerLeg_R" parent="Visuals/Root Scene/RootNode/CharacterArmature/Skeleton3D" index="12" unique_id=1276408464]
transform = Transform3D(0.9999069, -0.0065178615, -0.010580704, 0.012426059, 0.511513, 0.8591385, -0.00018718815, -0.85923827, 0.5115844, -0.0034723773, -5.7202065e-05, 0.0047713034)

[node name="Foot_R" parent="Visuals/Root Scene/RootNode/CharacterArmature/Skeleton3D" index="14" unique_id=25148685]
transform = Transform3D(-1, -4.633128e-08, -3.3529996e-05, 1.6952703e-07, -0.9999932, -0.0036742091, -3.3529588e-05, -0.0036741495, 0.9999932, -0.0035060795, 0.002604509, 0.00041334657)

[node name="AnimationPlayer" parent="Visuals/Root Scene" index="1" unique_id=813213912]
autoplay = &"CharacterArmature|Idle"

[node name="CollisionShape3D" type="CollisionShape3D" parent="." unique_id=1509142042]
transform = Transform3D(1, 0, 0, 0, 1, 0, 0, 0, 1, 0, 1.3104858, 0)
shape = SubResource("CapsuleShape3D_3vyb7")

[node name="HUD" type="CanvasLayer" parent="." unique_id=793352504]

[node name="MarginContainer" type="MarginContainer" parent="HUD" unique_id=1490736545]
anchors_preset = 3
anchor_left = 1.0
anchor_top = 1.0
anchor_right = 1.0
anchor_bottom = 1.0
offset_left = -40.0
offset_top = -40.0
grow_horizontal = 0
grow_vertical = 0

[node name="Ancor" type="Control" parent="HUD/MarginContainer" unique_id=302151383]
custom_minimum_size = Vector2(200, 200)
layout_mode = 2

[node name="SubViewportContainer" type="SubViewportContainer" parent="HUD/MarginContainer/Ancor" unique_id=306543624]
layout_mode = 0
offset_left = 5.0
offset_top = -17.0
offset_right = 205.0
offset_bottom = 183.0

[node name="PortraitModel" type="SubViewport" parent="HUD/MarginContainer/Ancor/SubViewportContainer" unique_id=830662333]
own_world_3d = true
transparent_bg = true
handle_input_locally = false
size = Vector2i(200, 200)
render_target_update_mode = 4

[node name="PortraitCamera" type="Camera3D" parent="HUD/MarginContainer/Ancor/SubViewportContainer/PortraitModel" unique_id=128632368]
transform = Transform3D(0.99986917, 0, 0.016178446, 0, 1, 0, -0.016178446, 0, 0.99986917, 0.099395275, 2.1339107, 1.6589694)

[node name="DirectionalLight3D" type="DirectionalLight3D" parent="HUD/MarginContainer/Ancor/SubViewportContainer/PortraitModel" unique_id=883887541]
transform = Transform3D(0.97327924, 0, -0.22962491, 0, 1, 0, 0.22962491, 0, 0.97327924, 0, 1.7139947, 1.774376)

[node name="Root Scene" parent="HUD/MarginContainer/Ancor/SubViewportContainer/PortraitModel" unique_id=1707462427 instance=ExtResource("2_qir2g")]

[node name="TextureRect" type="TextureRect" parent="HUD/MarginContainer/Ancor" unique_id=2112511371]
layout_mode = 0
offset_right = 200.0
offset_bottom = 200.0
texture = ExtResource("3_lkt5g")
expand_mode = 1

[editable path="Visuals/Root Scene"]
[editable path="HUD/MarginContainer/Ancor/SubViewportContainer/PortraitModel/Root Scene"]
